,P,Q,R
S1,0.123,0.649,0.227
S2,0.218,0.557,0.225
S3,0.072,0.787,0.142
S4,0.103,0.703,0.195
S5,0.158,0.450,0.392
S6,0.257,0.372,0.370
S7,0.129,0.439,0.433
S8,0.120,0.531,0.340
S9,0.096,0.677,0.227
S10,0.131,0.666,0.203
S11,0.241,0.581,0.178
S12,0.134,0.600,0.266
S13,0.184,0.579,0.236
S14,0.053,0.688,0.259
S15,0.106,0.673,0.221
T1,0,0.478,0.522
T2,0,0.583,0.417
T3,0,0.380,0.620
T4,0,0.682,0.318
T5,0,0.628,0.372
T6,0,0.597,0.403
T7,0,0.514,0.486
T8,0,0.563,0.437
T9,0,0.603,0.397
T1O,0,0.775,0.225
